Wy                          203   156   137    70
TANGLIN                     364   156   283    50
Ba                          213   231   127    69
CORPORATION                 367   220   471    52
A                           365   288    11    13
SUBSIDIARY                  381   288   101    14
OF                          487   288    22    14
WOH                         514   288    41    14
HUP                         561   288    35    14
HOLDINGS                    602   288    87    14
PRIVATE                     695   288    69    14
LIMITED                     770   288    70    14
Plant                      1005   350   101    34
&                          1119   351    32    33
Machinery                  1166   349   211    43
Department                 1392   352   244    40
Cost                       1266   409    69    27
Sheeting                   1344   407   142    36
Plant                       215   501    71    24
Number:                     296   501   121    24
YC077                       925   501    85    24
Date:                      1844   503    81    23
30/6/2026                  2062   498   146    30
Type                        213   547    68    29
of                          290   545    29    25
Machine                     328   546   119    25
Spider                      669   545    86    30
Crane                       765   546    80    23
Capacity:                   966   541   126    38
-                          1236   558     8     4
SR.                        1834   547    42    23
No:                        1887   547    46    23
76062                      2094   547    83    23
Brand/                      216   587    96    31
Model:                      322   589    96    24
UNIC                        724   590    68    24
UR-W376CDE                 1063   589   184    24
Project                     216   633    97    30
Site                        322   633    52    24
:                           392   640     6    17
AP                          895   634    36    23
Rentals                     942   633    99    24
Service                     214   717    99    24
Request                     324   717   112    29
:                           453   723     6    17
O                           574   717    25    25
Monthly                     636   714   119    30
Servicing                   763   715   126    29
Maintenance                 898   714   183    25
(1)                        1526   715    27    25
Breakdown                  1579   713   159    25
Repair                     1749   714    89    30
@                          1848   714    27    27
Site                       1885   714    52    24
(under                     1946   712    92    31
Rental)                    2048   712   100    31
[1                          575   759    24    25
Monthly                     636   761   119    30
Servicing                   763   761   126    30
Maintenance                 899   761   183    24
with                       1090   760    63    25
Repair                     1164   761    89    29
Workshop                   1578   760   145    30
Repair                     1733   760    90    30
(Off-Hire)                 1832   759   132    31
Ol                          575   799    24    25
Monthly                     637   805   118    30
Checking                    764   805   125    30
with                        897   805    63    24
Top-Up                      968   806   103    29
or                         1080   811    31    18
Repair                     1120   805    89    29
O                          1528   801    25    26
Return                     1579   806    93    23
to                         1681   807    29    22
Workshop                   1720   804   145    30
Repair                     1876   804    89    30
(Service                   1973   803   111    31
Exchange)                  2094   803   141    31
Provide                     575   843   167    28
request                     752   849   106    28
item(s)                     867   845    97    32
/                           972   845    15    31
service                     996   847    96    24
to                         1101   849    28    22
Site                       1139   847    52    24
No.                         214   942    47    24
Category                    475   935   131    39
Qty                        1034   935    51    40
Unit                       1205   940    59    25
Rate                       1273   941    63    24
Amount                     1407   936   117    39
Supplier                   1749   937   118    32
Name                       1875   939    81    24
/                          1964   936    15    31
Invoice                    1988   937   100    25
No.                        2098   938    48    24
AL                          212  1026    49    38
Spare                       386  1034    79    30
Parts                       475  1034    71    24
&                           555  1033    23    26
External                    587  1033   114    26
Services                    709  1033   115    25
1                           232  1116    13    22
pc                         1122  1120    30    24
$                          1382  1111    15    31
-                          1510  1127     9     5
2                           230  1159    15    23
pe                         1122  1165    30    23
$                          1382  1155    15    31
-                          1510  1171     9     5
3                           231  1203    14    23
pc                         1122  1209    30    23
$                          1382  1199    16    31
-                          1510  1215    10     5
4                           230  1248    16    22
pe                         1122  1253    30    23
$                          1382  1243    16    31
‘                          1510  1259    10     5
5                           231  1291    14    24
pc                         1122  1297    30    23
$                          1383  1288    15    31
-                          1510  1303    10     5
6                           231  1335    15    24
pc                         1122  1341    31    24
$                          1383  1332    15    30
-                          1510  1347    10     5
7                           231  1380    15    22
pc                         1123  1385    30    24
$                          1383  1376    15    31
-                          1511  1391     9     5
8                           230  1423    16    24
pe                         1123  1429    30    24
$                          1383  1420    15    31
-                          1511  1435     9     5
9                           230  1467    16    24
pc                         1123  1473    30    24
$                          1383  1464    15    30
-                          1510  1479    10     5
10                          224  1511    31    24
pc                         1123  1517    30    24
$                          1384  1508    14    30
-                          1511  1523     9     5
11                          224  1556    30    22
pc                         1123  1561    30    23
$                          1384  1552    14    30
.                          1511  1567     9     5
12                          224  1599    30    23
pe                         1123  1605    31    24
$                          1384  1596    15    30
-                          1511  1611    10     5
1                           233  1776    13    23
©                           273  1769    26    25
Transmission                323  1773   184    24
Oil                         517  1773    37    24
Itrs                       1123  1775    45    24
$                          1200  1772    14    31
10.00                      1276  1776    73    23
$                          1384  1772    15    30
-                          1512  1787     9     5
2                           232  1819    14    24
O                           274  1813    25    25
Engine                      325  1817    91    29
Oil                         426  1816    37    25
Itrs                       1124  1819    44    24
$                          1200  1816    15    31
10.00                      1276  1819    73    24
$                          1384  1816    15    31
-                          1512  1831     9     5
3                           232  1863    14    24
O                           274  1857    26    25
Hydraulic                   325  1860   131    31
Oil                         466  1861    37    24
Itrs                       1124  1863    44    24
$                          1200  1860    15    30
10.00                      1276  1863    74    24
$                          1385  1860    14    31
-                          1512  1875    10     5
4                           231  1908    16    22
0                           272  1897    14    39
Brake                       325  1904    79    25
Oil                         414  1904    36    25
Itrs                       1124  1907    44    24
$                          1201  1904    14    31
10.00                      1276  1908    74    23
$                          1385  1904    14    31
-                          1512  1919    10     5
5                           232  1952    15    23
©                           274  1945    26    25
Compressor                  325  1950   167    28
Oil                         501  1949    37    24
Itrs                       1124  1951    44    24
$                          1201  1948    14    31
10.00                      1277  1952    73    23
$                          1385  1948    15    31
-                          1512  1963    10     5
6                           232  1996    15    23
©                           274  1989    26    25
Washing                     324  1993   121    30
&                           454  1993    22    24
Cement                      486  1994   108    23
Hacking                     604  1993   109    30
job                        1122  1995    45    30
$                          1201  1992    14    30
300.00                     1258  1996    92    23
$                          1385  1992    15    31
-                          1512  2007    10     5
7                           232  2040    15    23
O                           274  2033    26    25
Washing                     324  2036   121    31
&                           454  2037    22    24
Painting                    487  2037   114    30
job                        1122  2039    45    30
$                          1201  2037    15    30
150.00                     1260  2040    90    23
$                          1385  2036    15    31
.                          1513  2051     9     5
8                           232  2083    16    24
OO                          274  2077    26    25
Washing                     324  2080   121    31
&                           454  2081    23    24
Welding                     486  2081   116    30
job                        1122  2083    45    30
$                          1202  2080    14    31
250.00                     1259  2084    92    23
$                          1386  2080    14    31
.                          1513  2095     9     5
9                           232  2127    15    24
O                           274  2121    26    25
Welding                     325  2125   115    30
job                        1123  2127    45    30
$                          1202  2125    14    30
150.00                     1260  2128    91    23
$                          1386  2124    14    31
-                          1513  2140     9     4
10                          225  2172    31    23
C)                          274  2165    26    25
Diesel                      326  2168    82    25
Tank                        417  2169    68    24
Cleaning                    495  2169   120    30
job                        1122  2171    46    30
$                          1202  2168    14    31
150.00                     1261  2172    90    23
$                          1386  2168    14    31
-                          1513  2184     9     4
11                          226  2216    30    23
O                           275  2209    25    25
Battery                     326  2214   103    29
Water                       438  2214    88    24
Itrs                       1125  2215    44    24
$                          1202  2213    14    30
10.00                      1278  2216    73    23
$                          1386  2212    15    31
-                          1513  2228    10     4
as                          213  2331    50     3
Hrs                         955  2349    44    23
Mins                       1040  2348    67    24
1                           235  2392    13    23
Balan                       484  2389    73    25
&                           568  2389    21    25
Chinnaiah                   598  2389   136    25
1                          1011  2393    14    23
$                          1203  2389    14    30
60.00                      1277  2392    75    24
$                          1387  2389    14    30
60.00                      1482  2392    76    24
1                           235  2569    14    22
trip                       1125  2568    50    30
$                          1203  2565    15    31
40.00                      1277  2568    76    24
$                          1388  2565    14    31
.                          1515  2580     9     5
Total:                     1202  2655    88    25
$                          1388  2653    15    30
60.00                      1483  2656    76    24
Remark(s)                   227  2737   140    31
Check                       275  2820    70    21
the                         352  2820    38    21
engine                      398  2821    78    20
oil                         485  2820    25    21
level                       520  2820    53    21
and                         582  2820    42    21
hydraulic                   633  2820   105    21
oil                         747  2820    25    21
level.                      781  2820    60    21
And                         850  2820    46    21
check                       905  2820    65    21
wire                        978  2821    50    20
rope                       1037  2825    52    16
condition                  1098  2820   110    21
and                        1216  2820    42    21
all                        1267  2820    25    21
safety                     1300  2819    47    22
item.                      1379  2821    57    20
Performance                1447  2819   151    22
test                       1606  2822    44    18
ok.                        1659  2819    33    21
Prepared                    277  3005   126    29
by:                         414  3005    47    29
Ganesh                      755  3007   104    25
Assitant                    629  3049   115    24
St                          753  3050    26    23
upervisor                   853  3049   133    30
Billing                    1607  3006    84    30
Status                     1703  3001    79    39
:                          1791  3012    13    18
Bill                       1898  3006    40    24
(Absorb                    1834  3048   144    24
All                        2000  3049    39    25
Cost                       2050  3050    62    24
Checked                     277  3174   116    24
by                          404  3174    32    30
:                           447  3181     5    17
J                           829  3191     5     4
Deputy                      657  3220   100    28
Workshop                    766  3218   145    29
Manager                     922  3219   124    29
